0.0000 -0.5629 0.0000
0.0000 -0.5629 0.0000
0.0000 -0.5629 0.0000
0.0000 -0.5629 0.0000
0.0000 -0.5629 0.0000
0.0000 -0.5629 0.0000
0.0000 -0.5629 0.0000
0.0000 -0.5629 0.0000
0.0000 -0.5629 0.0000
0.0000 -0.5629 0.0000
0.0000 -0.5629 0.0000
0.0000 -0.5629 0.0000
0.0000 -0.5629 0.0000
0.0000 -0.5629 0.0000
0.0000 -0.5629 0.0000
0.0000 -0.5629 0.0000
0.0000 -0.5629 0.0000
0.0000 -0.5629 0.0000
0.0000 -0.5629 0.0000
0.0000 -0.5629 0.0000
0.0000 -0.5629 0.0000
0.0000 -0.5629 0.0000
0.0000 -0.5629 0.0000
0.0000 -0.5629 0.0000
0.0000 -0.5629 0.0000
0.0000 -0.5629 0.0000
0.0000 -0.5629 0.0000
0.0000 -0.5629 0.0000
0.0000 -0.5629 0.0000
0.0000 -0.5629 0.0000
0.0000 -0.5629 0.0000
0.0000 -0.5629 0.0000
0.0000 -0.5629 0.0000
0.0000 -0.5629 0.0000
0.0000 -0.5629 0.0000
0.0000 -0.5629 0.0000
0.0000 -0.5629 0.0000
0.0000 -0.5629 0.0000
0.0000 -0.5629 0.0000
0.0000 -0.5629 0.0000
0.0000 -0.5629 0.0000
0.0000 -0.5629 0.0000
0.0000 -0.5629 0.0000
0.0000 -0.5629 0.0000
0.0000 -0.5629 0.0000
0.0000 -0.5629 0.0000
0.0000 -0.5629 0.0000
0.0000 -0.5629 0.0000
0.0000 -0.5629 0.0000
0.0000 -0.5629 0.0000
0.0000 -0.5629 0.0000
0.0000 -0.5629 0.0000
0.0000 -0.5629 0.0000
0.0000 -0.5629 0.0000
0.0000 -0.5629 0.0000
0.0000 -0.5629 0.0000
0.0000 -0.5629 0.0000
0.0000 -0.5629 0.0000
0.0000 -0.5629 0.0000
0.0000 -0.5629 0.0000
0.0000 -0.5629 0.0000
0.0000 -0.5629 0.0000
0.0000 -0.5629 0.0000
0.0000 -0.5629 0.0000
0.0000 -0.5629 0.0000
0.0000 -0.5629 0.0000
0.0000 -0.5629 0.0000
0.0000 -0.5629 0.0000
0.0000 -0.5629 0.0000
0.0000 -0.5629 0.0000
0.0000 -0.5629 0.0000
0.0000 -0.5629 0.0000
0.0000 -0.5629 0.0000
0.0000 -0.5629 0.0000
0.0000 -0.5629 0.0000
0.0000 -0.5629 0.0000
0.0000 -0.5629 0.0000
0.0000 -0.5629 0.0000
0.0000 -0.5629 0.0000
0.0000 -0.5629 0.0000
0.0000 -0.5629 0.0000
0.0000 -0.5629 0.0000
0.0000 -0.5629 0.0000
0.0000 -0.5629 0.0000
0.0000 -0.5629 0.0000
0.0000 -0.5629 0.0000
0.0000 -0.5629 0.0000
0.0000 -0.5629 0.0000
0.0000 -0.5629 0.0000
0.0000 -0.5629 0.0000
0.0000 -0.5629 0.0000
0.0000 -0.5629 0.0000
0.0000 -0.5629 0.0000
0.0000 -0.5629 0.0000
0.0000 -0.5629 0.0000
0.0000 -0.5629 0.0000
0.0000 -0.5629 0.0000
0.0000 -0.5629 0.0000
0.0000 -0.5629 0.0000
0.1708 -0.5058 0.0741
0.1708 -0.5058 0.0741
0.1736 -0.5032 0.0742
0.1772 -0.4953 0.0698
0.1772 -0.4953 0.0698
0.1685 -0.4911 0.0718
0.1685 -0.4911 0.0718
0.1660 -0.4906 0.0710
0.1609 -0.4936 0.0732
0.1609 -0.4936 0.0732
0.1493 -0.4898 0.0797
0.1493 -0.4898 0.0797
0.1446 -0.4867 0.0818
0.1480 -0.4996 0.0854
0.1480 -0.4996 0.0854
0.1488 -0.5037 0.0916
0.1488 -0.5037 0.0916
0.1521 -0.5061 0.0936
0.1612 -0.5045 0.0960
0.1612 -0.5045 0.0960
0.1743 -0.4998 0.1004
0.1743 -0.4998 0.1004
0.1932 -0.4939 0.1035
0.2110 -0.4706 0.1057
0.2110 -0.4706 0.1057
0.2727 -0.5389 0.1616
0.2727 -0.5389 0.1616
0.2697 -0.4489 0.1113
0.2972 -0.4310 0.1070
0.2972 -0.4310 0.1070
0.3616 -0.4756 0.1598
0.3616 -0.4756 0.1598
0.3571 -0.4080 0.1211
0.4320 -0.4241 0.1405
0.4320 -0.4241 0.1405
0.4087 -0.3589 0.1057
0.4087 -0.3589 0.1057
0.4906 -0.3761 0.1384
0.5206 -0.3919 0.0739
0.5206 -0.3919 0.0739
0.5115 -0.3167 0.0762
0.5115 -0.3167 0.0762
0.4848 -0.2790 0.0924
0.5076 -0.2601 0.0896
0.5076 -0.2601 0.0896
0.5185 -0.2428 0.0841
0.5185 -0.2428 0.0841
0.5393 -0.2390 0.0717
0.5501 -0.2144 0.0663
0.5501 -0.2144 0.0663
0.5586 -0.1861 0.0541
0.5586 -0.1861 0.0541
0.5788 -0.1645 0.0411
0.5920 -0.1342 0.0388
0.5920 -0.1342 0.0388
0.6081 -0.1089 0.0383
0.6081 -0.1089 0.0383
0.6070 -0.0795 0.0339
0.6050 -0.0526 0.0337
0.6050 -0.0526 0.0337
0.6071 -0.0241 0.0347
0.6071 -0.0241 0.0347
0.6050 0.0018 0.0382
0.6199 0.0010 0.0297
0.6199 0.0010 0.0297
0.6168 0.0122 0.0267
0.6168 0.0122 0.0267
0.6198 0.0392 0.0061
0.6098 0.0498 0.0187
0.6098 0.0498 0.0187
0.6042 0.0508 0.0325
0.6042 0.0508 0.0325
0.6022 0.0461 0.0514
0.5972 0.0390 0.0638
0.5972 0.0390 0.0638
0.5983 0.0333 0.0790
0.5983 0.0333 0.0790
0.5743 0.0229 0.1068
0.5549 0.0212 0.1427
0.5549 0.0212 0.1427
0.5503 0.0183 0.1660
0.5503 0.0183 0.1660
0.5278 0.0302 0.1799
0.5263 0.0183 0.2095
0.5263 0.0183 0.2095
0.5103 0.0234 0.2428
0.5103 0.0234 0.2428
0.4946 0.0299 0.2777
0.4626 0.0370 0.3081
0.4626 0.0370 0.3081
0.4359 0.0369 0.3273
0.4359 0.0369 0.3273
0.4153 0.0375 0.3476
0.3867 0.0459 0.3693
0.3867 0.0459 0.3693
0.3601 0.0479 0.3845
0.3601 0.0479 0.3845
0.3268 0.0534 0.3925
0.2964 0.0537 0.4063
0.2964 0.0537 0.4063
0.2656 0.0578 0.4123
0.2656 0.0578 0.4123
0.2460 0.0651 0.4187
0.2139 0.0915 0.4980
0.2139 0.0915 0.4980
0.2005 0.0677 0.4200
0.2005 0.0677 0.4200
0.1823 0.0629 0.4172
0.1726 0.0673 0.4311
0.1726 0.0673 0.4311
0.1385 0.0736 0.4553
0.1385 0.0736 0.4553
0.1369 0.0642 0.4530
0.1247 0.0672 0.4478
0.1247 0.0672 0.4478
0.1272 0.0689 0.4445
0.1272 0.0689 0.4445
0.1242 0.0651 0.4549
0.1210 0.0639 0.4592
0.1210 0.0639 0.4592
0.1111 0.0620 0.4508
0.1111 0.0620 0.4508
0.1134 0.0592 0.4400
0.1187 0.0604 0.4316
0.1187 0.0604 0.4316
0.1252 0.0614 0.4404
0.1252 0.0614 0.4404
0.1277 0.0589 0.4375
0.1270 0.0627 0.4491
0.1270 0.0627 0.4491
0.1245 0.0577 0.4409
0.1245 0.0577 0.4409
0.1289 0.0635 0.4387
0.1286 0.0673 0.4453
0.1286 0.0673 0.4453
0.1357 0.0648 0.4330
0.1357 0.0648 0.4330
0.1410 0.0660 0.4421
0.1433 0.0746 0.4596
0.1433 0.0746 0.4596
0.1438 0.0697 0.4551
0.1438 0.0697 0.4551
0.1466 0.0699 0.4478
0.1578 0.0589 0.4276
0.1578 0.0589 0.4276
0.1565 0.0630 0.4356
0.1565 0.0630 0.4356
0.1433 0.0904 0.5023
0.1358 0.0375 0.3966
0.1358 0.0375 0.3966
0.1395 0.0406 0.3954
0.1395 0.0406 0.3954
0.1729 0.0617 0.4241
0.1729 0.0617 0.4241
0.1659 0.0593 0.4205
0.1668 0.0609 0.4201
0.1668 0.0609 0.4201
0.1663 0.0538 0.4180
0.1663 0.0538 0.4180
0.1758 0.0468 0.4124
0.1822 0.0556 0.4278
0.1822 0.0556 0.4278
0.1855 0.0535 0.4186
0.1855 0.0535 0.4186
0.1855 0.0418 0.3844
0.1784 0.0503 0.4239
0.1784 0.0503 0.4239
0.1801 0.0469 0.4134
0.1801 0.0469 0.4134
0.1742 0.0541 0.4322
0.1772 0.0527 0.4219
0.1772 0.0527 0.4219
0.1688 0.0529 0.4291
0.1688 0.0529 0.4291
0.1733 0.0562 0.4292
0.1686 0.0632 0.4316
0.1686 0.0632 0.4316
0.1430 0.0343 0.4013
0.1430 0.0343 0.4013
0.1408 0.0334 0.3985
0.1425 0.0325 0.3963
0.1425 0.0325 0.3963
0.1578 0.0579 0.4246
0.1578 0.0579 0.4246
0.1518 0.0595 0.4247
0.1480 0.0546 0.4197
0.1480 0.0546 0.4197
0.1658 0.0589 0.4234
0.1658 0.0589 0.4234
0.1301 0.0343 0.3902
0.1302 0.0356 0.3943
0.1302 0.0356 0.3943
0.1290 0.0375 0.3894
0.1290 0.0375 0.3894
0.1213 0.0440 0.3892
0.1226 0.0451 0.3888
0.1226 0.0451 0.3888
0.1450 0.0682 0.4208
0.1450 0.0682 0.4208
0.1518 0.0684 0.4147
0.1548 0.0736 0.4520
0.1548 0.0736 0.4520
0.1504 0.0582 0.4296
0.1504 0.0582 0.4296
0.1512 0.0570 0.4310
0.1464 0.0529 0.4320
0.1464 0.0529 0.4320
0.1470 0.0622 0.4356
0.1470 0.0622 0.4356
0.1429 0.0555 0.4197
0.1477 0.0579 0.4311
0.1477 0.0579 0.4311
0.1582 0.0527 0.4216
0.1582 0.0527 0.4216
0.1495 0.0518 0.4239
0.1494 0.0547 0.4355
0.1494 0.0547 0.4355
0.1496 0.0523 0.4283
0.1496 0.0523 0.4283
0.1454 0.0509 0.4160
0.1563 0.0512 0.4196
0.1563 0.0512 0.4196
0.1445 0.0480 0.4329
0.1445 0.0480 0.4329
0.1458 0.0488 0.4305
0.1202 0.0319 0.3839
0.1202 0.0319 0.3839
0.1577 0.0444 0.4098
0.1577 0.0444 0.4098
0.1243 0.0251 0.3858
0.1258 0.0220 0.3878
0.1258 0.0220 0.3878
0.1286 0.0218 0.3887
0.1286 0.0218 0.3887
0.1327 0.0191 0.3913
0.1358 0.0171 0.3931
0.1358 0.0171 0.3931
0.1373 0.0155 0.3941
0.1373 0.0155 0.3941
0.1625 0.0381 0.4254
0.1373 0.0127 0.3927
0.1373 0.0127 0.3927
0.1375 0.0129 0.3892
0.1375 0.0129 0.3892
0.1373 0.0139 0.3887
0.1307 0.0176 0.3837
0.1307 0.0176 0.3837
0.1267 0.0178 0.3799
0.1267 0.0178 0.3799
0.1252 0.0185 0.3784
0.1252 0.0204 0.3772
0.1252 0.0204 0.3772
0.1263 0.0217 0.3768
0.1263 0.0217 0.3768
0.1270 0.0201 0.3777
0.1244 0.0210 0.3778
0.1244 0.0210 0.3778
0.1226 0.0204 0.3782
0.1226 0.0204 0.3782
0.1241 0.0182 0.3786
0.1249 0.0170 0.3785
0.1249 0.0170 0.3785
0.1223 0.0163 0.3761
0.1223 0.0163 0.3761
0.1227 0.0170 0.3751
0.1396 0.0379 0.4157
0.1396 0.0379 0.4157
0.1238 0.0189 0.3857
0.1238 0.0189 0.3857
0.1409 0.0174 0.3694
0.1333 0.0184 0.3762
0.1333 0.0184 0.3762
0.1299 0.0173 0.3752
0.1299 0.0173 0.3752
0.1278 0.0137 0.3733
0.1267 0.0139 0.3747
0.1267 0.0139 0.3747
0.1262 0.0147 0.3734
0.1262 0.0147 0.3734
0.1266 0.0161 0.3729
0.1344 0.0469 0.4415
0.1344 0.0469 0.4415
0.1297 0.0430 0.4303
0.1297 0.0430 0.4303
0.1323 0.0417 0.4375
0.1230 0.0463 0.4328
0.1230 0.0463 0.4328
0.1212 0.0535 0.4497
0.1212 0.0535 0.4497
0.1201 0.0443 0.4396
0.1214 0.0442 0.4344
0.1214 0.0442 0.4344
0.1237 0.0438 0.4320
0.1237 0.0438 0.4320
0.1244 0.0434 0.4381
0.1167 0.0376 0.4306
0.1167 0.0376 0.4306
0.1103 0.0390 0.4382
0.1103 0.0390 0.4382
0.0877 0.0637 0.5183
0.1086 0.0377 0.4365
0.1086 0.0377 0.4365
0.1131 0.0400 0.4494
0.1131 0.0400 0.4494
0.0992 0.0385 0.4425
0.0912 0.0161 0.3883
0.0912 0.0161 0.3883
0.1058 0.0353 0.4391
0.1058 0.0353 0.4391
0.0947 0.0370 0.4404
0.0838 0.0327 0.4427
0.0838 0.0327 0.4427
0.0673 0.0645 0.5083
0.0673 0.0645 0.5083
0.0789 0.0331 0.4415
0.0691 0.0388 0.4338
0.0691 0.0388 0.4338
0.0806 0.0318 0.4296
0.0806 0.0318 0.4296
0.0853 0.0268 0.4264
0.0793 0.0297 0.4222
0.0793 0.0297 0.4222
0.0801 0.0294 0.4300
0.0801 0.0294 0.4300
0.0745 0.0297 0.4427
0.0745 0.0297 0.4427
0.0930 0.0371 0.4565
0.0918 0.0342 0.4463
0.0918 0.0342 0.4463
0.0865 0.0330 0.4362
0.0829 0.0236 0.4439
0.0829 0.0236 0.4439
0.0806 0.0293 0.4352
0.0806 0.0293 0.4352
0.0845 0.0259 0.4432
0.0730 0.0306 0.4289
0.0730 0.0306 0.4289
0.0770 0.0286 0.4395
0.0770 0.0286 0.4395
0.0743 0.0263 0.4243
0.0937 0.0268 0.4298
0.0937 0.0268 0.4298
0.0910 0.0289 0.4418
0.0910 0.0289 0.4418
0.0885 0.0269 0.4367
0.0885 0.0223 0.4305
0.0885 0.0223 0.4305
0.0888 0.0211 0.4103
0.0888 0.0211 0.4103
0.0709 0.0076 0.3927
0.0959 0.0298 0.4289
0.0959 0.0298 0.4289
0.0740 0.0107 0.3982
0.0740 0.0107 0.3982
0.0749 0.0101 0.3990
0.0753 0.0088 0.3998
0.0753 0.0088 0.3998
0.0742 0.0076 0.4002
0.0742 0.0076 0.4002
0.0736 0.0089 0.3981
0.0737 0.0079 0.3962
0.0737 0.0079 0.3962
0.0743 0.0055 0.3919
0.0743 0.0055 0.3919
0.0735 0.0037 0.3905
0.0726 0.0019 0.3909
0.0726 0.0019 0.3909
0.0719 0.0012 0.3942
0.0719 0.0012 0.3942
0.0726 0.0015 0.3931
0.0732 0.0013 0.3918
0.0732 0.0013 0.3918
0.0761 0.0008 0.3897
0.0761 0.0008 0.3897
0.0755 -0.0018 0.3858
0.0762 -0.0021 0.3853
0.0762 -0.0021 0.3853
0.0762 -0.0009 0.3852
0.0762 -0.0009 0.3852
0.0761 0.0014 0.3838
0.0762 0.0027 0.3833
0.0762 0.0027 0.3833
0.0776 0.0075 0.3842
0.0776 0.0075 0.3842
0.0782 0.0096 0.3857
0.1017 0.0326 0.4310
0.1017 0.0326 0.4310
0.1073 0.0274 0.4300
0.1073 0.0274 0.4300
0.1035 0.0289 0.4276
0.1014 0.0363 0.4342
0.1014 0.0363 0.4342
0.1163 0.0274 0.4328
0.1163 0.0274 0.4328
0.1153 0.0591 0.4981
0.1051 0.0198 0.4305
0.1051 0.0198 0.4305
0.1003 0.0227 0.4185
0.1003 0.0227 0.4185
0.0995 0.0211 0.4196
0.1071 0.0265 0.4342
0.1071 0.0265 0.4342
0.0761 0.0493 0.5043
0.0761 0.0493 0.5043
0.0989 0.0206 0.4280
0.0808 0.0203 0.4324
0.0808 0.0203 0.4324
0.0759 0.0177 0.4217
0.0759 0.0177 0.4217
0.0684 0.0257 0.4467
0.0623 0.0278 0.4521
0.0623 0.0278 0.4521
0.0465 0.0269 0.4374
0.0465 0.0269 0.4374
0.0499 0.0219 0.4216
0.0362 0.0228 0.4257
0.0362 0.0228 0.4257
0.0191 0.0214 0.4202
0.0191 0.0214 0.4202
0.0168 0.0187 0.4205
-0.0078 0.0142 0.4235
-0.0078 0.0142 0.4235
-0.0101 0.0077 0.4431
-0.0101 0.0077 0.4431
-0.0141 -0.0078 0.4276
0.0668 -0.0241 0.3790
0.0668 -0.0241 0.3790
-0.0227 -0.0281 0.4385
-0.0227 -0.0281 0.4385
-0.0146 -0.0441 0.4554
0.0661 -0.0703 0.3902
0.0661 -0.0703 0.3902
-0.0113 -0.0898 0.4737
-0.0113 -0.0898 0.4737
0.0035 -0.1140 0.4647
0.0119 -0.1510 0.4791
0.0119 -0.1510 0.4791
0.0085 -0.1771 0.4729
0.0085 -0.1771 0.4729
0.0116 -0.2033 0.4708
0.0091 -0.2312 0.4702
0.0091 -0.2312 0.4702
0.0099 -0.2541 0.4633
0.0099 -0.2541 0.4633
0.0063 -0.2765 0.4478
0.0083 -0.2980 0.4231
0.0083 -0.2980 0.4231
0.0116 -0.3117 0.4102
0.0116 -0.3117 0.4102
0.0165 -0.3286 0.4082
0.0165 -0.3286 0.4082
0.0115 -0.3430 0.4003
0.0087 -0.3532 0.3839
0.0087 -0.3532 0.3839
0.0161 -0.3663 0.3762
0.0078 -0.3803 0.3748
0.0078 -0.3803 0.3748
0.0066 -0.3884 0.3670
0.0066 -0.3884 0.3670
-0.0026 -0.3915 0.3594
-0.0026 -0.3915 0.3594
-0.0036 -0.3956 0.3550
-0.0147 -0.3995 0.3474
-0.0147 -0.3995 0.3474
-0.0201 -0.3956 0.3498
-0.0201 -0.3956 0.3498
-0.0142 -0.3955 0.3458
-0.0239 -0.3899 0.3513
-0.0239 -0.3899 0.3513
-0.0300 -0.3832 0.3517
-0.0300 -0.3832 0.3517
-0.0298 -0.3762 0.3444
-0.0366 -0.3931 0.3488
-0.0366 -0.3931 0.3488
-0.0424 -0.3829 0.3519
-0.0424 -0.3829 0.3519
-0.0389 -0.3836 0.3485
-0.0376 -0.3797 0.3505
-0.0376 -0.3797 0.3505
-0.0352 -0.3592 0.3463
-0.0352 -0.3592 0.3463
-0.0202 -0.3651 0.3498
-0.0149 -0.3613 0.3604
-0.0149 -0.3613 0.3604
0.0132 -0.3390 0.3509
0.0132 -0.3390 0.3509
0.0227 -0.3290 0.3593
0.0113 -0.3434 0.3230
0.0113 -0.3434 0.3230
0.0149 -0.3410 0.3595
0.0149 -0.3410 0.3595
-0.0132 -0.3739 0.3872
0.0266 -0.3637 0.3399
0.0266 -0.3637 0.3399
0.0274 -0.3526 0.3807
0.0274 -0.3526 0.3807
0.0354 -0.3396 0.4034
0.0463 -0.3231 0.4164
0.0463 -0.3231 0.4164
0.0566 -0.3031 0.4258
0.0566 -0.3031 0.4258
0.0655 -0.2797 0.4336
0.0998 -0.2097 0.4584
0.0998 -0.2097 0.4584
0.1031 -0.1896 0.4670
0.1031 -0.1896 0.4670
0.1086 -0.1684 0.4752
0.1084 -0.1493 0.4814
0.1084 -0.1493 0.4814
0.1052 -0.1323 0.4859
0.1052 -0.1323 0.4859
0.1023 -0.1138 0.4887
0.0979 -0.0951 0.4920
0.0979 -0.0951 0.4920
0.0901 -0.0735 0.4945
0.0901 -0.0735 0.4945
0.0790 -0.0552 0.4986
0.0656 -0.0420 0.5034
0.0656 -0.0420 0.5034
0.0584 -0.0273 0.5041
0.0584 -0.0273 0.5041
0.0541 -0.0114 0.5011
0.0533 -0.0013 0.5012
0.0533 -0.0013 0.5012
0.0560 0.0043 0.5005
0.0560 0.0043 0.5005
0.0688 0.0095 0.4995
0.0840 0.0136 0.4972
0.0840 0.0136 0.4972
0.1070 0.0175 0.4926
0.1070 0.0175 0.4926
0.1341 0.0184 0.4870
0.1627 0.0187 0.4792
0.1627 0.0187 0.4792
0.1912 0.0204 0.4707
0.1912 0.0204 0.4707
0.2247 0.0186 0.4600
0.2558 0.0185 0.4440
0.2558 0.0185 0.4440
0.2856 0.0171 0.4267
0.2856 0.0171 0.4267
0.3161 0.0181 0.4041
0.3457 0.0193 0.3786
0.3457 0.0193 0.3786
0.3753 0.0172 0.3532
0.3753 0.0172 0.3532
0.3984 0.0183 0.3273
0.4206 0.0170 0.3001
0.4206 0.0170 0.3001
0.4421 0.0183 0.2687
0.4421 0.0183 0.2687
0.4603 0.0202 0.2349
0.4781 0.0214 0.2028
0.4781 0.0214 0.2028
0.4932 0.0240 0.1711
0.4932 0.0240 0.1711
0.5059 0.0260 0.1427
0.5141 0.0271 0.1153
0.5141 0.0271 0.1153
0.5206 0.0329 0.0891
0.5206 0.0329 0.0891
0.5218 0.0379 0.0545
0.5282 0.0384 0.0277
0.5282 0.0384 0.0277
0.5422 0.0372 -0.0048
0.5422 0.0372 -0.0048
0.5543 0.0320 -0.0319
0.5637 0.0213 -0.0532
0.5637 0.0213 -0.0532
0.5655 0.0081 -0.0749
0.5655 0.0081 -0.0749
0.5736 -0.0135 -0.0948
0.5816 -0.0308 -0.1074
0.5816 -0.0308 -0.1074
0.5899 -0.0469 -0.1210
0.5899 -0.0469 -0.1210
0.5871 -0.0580 -0.1342
0.5902 -0.0698 -0.1546
0.5902 -0.0698 -0.1546
0.5967 -0.0803 -0.1746
0.5967 -0.0803 -0.1746
0.6021 -0.0876 -0.1948
0.6046 -0.0906 -0.2183
0.6046 -0.0906 -0.2183
0.6038 -0.0887 -0.2340
0.6038 -0.0887 -0.2340
0.6032 -0.0890 -0.2460
0.6025 -0.0843 -0.2484
0.6025 -0.0843 -0.2484
0.5969 -0.0832 -0.2530
0.5969 -0.0832 -0.2530
0.5957 -0.0833 -0.2531
0.5986 -0.0789 -0.2416
0.5986 -0.0789 -0.2416
0.6002 -0.0749 -0.2253
0.6002 -0.0749 -0.2253
0.6063 -0.0743 -0.2082
0.6094 -0.0702 -0.1851
0.6094 -0.0702 -0.1851
0.6105 -0.0679 -0.1593
0.6105 -0.0679 -0.1593
0.6107 -0.0653 -0.1381
0.6102 -0.0577 -0.1050
0.6102 -0.0577 -0.1050
0.6066 -0.0531 -0.0744
0.6066 -0.0531 -0.0744
0.6034 -0.0464 -0.0379
0.5934 -0.0347 -0.0058
0.5934 -0.0347 -0.0058
0.5758 -0.0224 0.0219
0.5758 -0.0224 0.0219
0.5560 -0.0097 0.0529
0.5378 -0.0009 0.0819
0.5378 -0.0009 0.0819
0.5184 0.0061 0.1085
0.5184 0.0061 0.1085
0.4917 0.0146 0.1374
0.4713 0.0168 0.1642
0.4713 0.0168 0.1642
0.4479 0.0242 0.1873
0.4479 0.0242 0.1873
0.4184 0.0285 0.2109
0.3873 0.0301 0.2354
0.3873 0.0301 0.2354
0.3632 0.0293 0.2523
0.3632 0.0293 0.2523
0.3384 0.0278 0.2658
0.3138 0.0281 0.2740
0.3138 0.0281 0.2740
0.2962 0.0255 0.2826
0.2962 0.0255 0.2826
0.2780 0.0257 0.2891
0.2621 0.0306 0.2876
0.2621 0.0306 0.2876
0.2530 0.0314 0.2917
0.2530 0.0314 0.2917
0.2498 0.0381 0.2925
0.2434 0.0466 0.2970
0.2434 0.0466 0.2970
0.2439 0.0604 0.3019
0.2439 0.0604 0.3019
0.2444 0.0760 0.3066
0.2391 0.0953 0.3094
0.2391 0.0953 0.3094
0.2371 0.1171 0.3150
0.2371 0.1171 0.3150
0.2359 0.1410 0.3175
0.2312 0.1647 0.3192
0.2312 0.1647 0.3192
0.2275 0.1852 0.3205
0.2275 0.1852 0.3205
0.2228 0.2029 0.3208
0.2210 0.2183 0.3222
0.2210 0.2183 0.3222
0.2184 0.2290 0.3269
0.2184 0.2290 0.3269
0.2121 0.2364 0.3338
0.2078 0.2391 0.3386
0.2078 0.2391 0.3386
0.2058 0.2406 0.3431
0.2058 0.2406 0.3431
0.2056 0.2382 0.3495
0.2060 0.2373 0.3511
0.2060 0.2373 0.3511
0.2041 0.2359 0.3505
0.2041 0.2359 0.3505
0.2031 0.2303 0.3527
0.2030 0.2192 0.3555
0.2030 0.2192 0.3555
0.2055 0.2083 0.3534
0.2055 0.2083 0.3534
0.2093 0.1956 0.3513
0.2109 0.1779 0.3513
0.2109 0.1779 0.3513
0.2139 0.1618 0.3478
0.2139 0.1618 0.3478
0.2210 0.1388 0.3496
0.2303 0.1143 0.3504
0.2303 0.1143 0.3504
0.1917 0.0912 0.3636
0.1917 0.0912 0.3636
0.2818 -0.0349 0.3699
0.3010 -0.1518 0.3478
0.3010 -0.1518 0.3478
0.2966 -0.2451 0.3206
0.2966 -0.2451 0.3206
0.2937 -0.1676 0.3372
0.2544 -0.1141 0.3350
0.2544 -0.1141 0.3350
0.2672 -0.1032 0.3496
0.2672 -0.1032 0.3496
0.2729 -0.1012 0.3556
0.2750 -0.1051 0.3565
0.2750 -0.1051 0.3565
0.2738 -0.1139 0.3551
0.2738 -0.1139 0.3551
0.2451 -0.1442 0.3443
0.2343 -0.1603 0.3391
0.2343 -0.1603 0.3391
0.2186 -0.1706 0.3292
0.2186 -0.1706 0.3292
0.2068 -0.1851 0.3230
0.1937 -0.1973 0.3199
0.1937 -0.1973 0.3199
0.1830 -0.2076 0.3194
0.1830 -0.2076 0.3194
0.1696 -0.2239 0.3221
0.1581 -0.2383 0.3251
0.1581 -0.2383 0.3251
0.1501 -0.2518 0.3281
0.1501 -0.2518 0.3281
0.1417 -0.2650 0.3279
0.1307 -0.2685 0.3304
0.1307 -0.2685 0.3304
0.1239 -0.2774 0.3346
0.1239 -0.2774 0.3346
0.1166 -0.2848 0.3389
0.1108 -0.2869 0.3436
0.1108 -0.2869 0.3436
0.1096 -0.2895 0.3453
0.1096 -0.2895 0.3453
0.1105 -0.2890 0.3436
0.1129 -0.2799 0.3411
0.1129 -0.2799 0.3411
0.1200 -0.2777 0.3378
0.1200 -0.2777 0.3378
0.1243 -0.2715 0.3394
0.1307 -0.2672 0.3465
0.1307 -0.2672 0.3465
0.1374 -0.2605 0.3508
0.1374 -0.2605 0.3508
0.1440 -0.2500 0.3536
0.1460 -0.2397 0.3656
0.1460 -0.2397 0.3656
0.1468 -0.2254 0.3749
0.1468 -0.2254 0.3749
0.1494 -0.2024 0.3821
0.1470 -0.1835 0.3950
0.1470 -0.1835 0.3950
0.1445 -0.1653 0.4087
0.1445 -0.1653 0.4087
0.1412 -0.1407 0.4191
0.1414 -0.1176 0.4258
0.1414 -0.1176 0.4258
0.1354 -0.0975 0.4354
0.1354 -0.0975 0.4354
0.1333 -0.0786 0.4436
0.1298 -0.0634 0.4499
0.1298 -0.0634 0.4499
0.1251 -0.0460 0.4516
0.1251 -0.0460 0.4516
0.1179 -0.0306 0.4558
0.1124 -0.0217 0.4607
0.1124 -0.0217 0.4607
0.1081 -0.0114 0.4571
0.1081 -0.0114 0.4571
0.1077 -0.0080 0.4558
0.1061 -0.0044 0.4522
0.1061 -0.0044 0.4522
0.1048 -0.0024 0.4487
0.1048 -0.0024 0.4487
0.1056 -0.0015 0.4433
0.1083 -0.0052 0.4423
0.1083 -0.0052 0.4423
0.1145 -0.0075 0.4380
0.1145 -0.0075 0.4380
0.1231 -0.0041 0.4304
0.1309 -0.0019 0.4225
0.1309 -0.0019 0.4225
0.1423 0.0024 0.4138
0.1423 0.0024 0.4138
0.1470 0.0079 0.4046
0.1470 0.0079 0.4046
0.1577 0.0115 0.3986
0.1659 0.0168 0.3936
0.1659 0.0168 0.3936
0.1687 0.0236 0.3872
0.1687 0.0236 0.3872
0.1673 0.0341 0.3822
0.1700 0.0415 0.3813
0.1700 0.0415 0.3813
0.1686 0.0467 0.3811
0.1686 0.0467 0.3811
0.1645 0.0520 0.3820
0.1626 0.0529 0.3864
0.1626 0.0529 0.3864
0.1609 0.0540 0.3898
0.1609 0.0540 0.3898
0.1591 0.0563 0.3939
0.1570 0.0556 0.4000
0.1570 0.0556 0.4000
0.1472 0.0545 0.4035
0.1472 0.0545 0.4035
0.1452 0.0520 0.4082
0.1324 0.0457 0.4157
0.1324 0.0457 0.4157
0.1206 0.0427 0.4234
0.1206 0.0427 0.4234
0.1112 0.0417 0.4289
0.1042 0.0397 0.4367
0.1042 0.0397 0.4367
0.0930 0.0378 0.4467
0.0930 0.0378 0.4467
0.0849 0.0346 0.4547
0.0760 0.0297 0.4649
0.0760 0.0297 0.4649
0.0639 0.0281 0.4739
0.0639 0.0281 0.4739
0.0519 0.0252 0.4818
0.0375 0.0227 0.4881
0.0375 0.0227 0.4881
0.0210 0.0220 0.4907
0.0210 0.0220 0.4907
-0.0001 0.0217 0.4922
-0.0191 0.0222 0.4928
-0.0191 0.0222 0.4928
-0.0374 0.0219 0.4937
-0.0374 0.0219 0.4937
-0.0586 0.0213 0.4939
-0.0799 0.0216 0.4951
-0.0799 0.0216 0.4951
-0.1046 0.0206 0.4947
-0.1046 0.0206 0.4947
-0.1270 0.0178 0.4936
-0.1506 0.0166 0.4900
-0.1506 0.0166 0.4900
-0.1737 0.0139 0.4904
-0.1737 0.0139 0.4904
-0.1958 0.0112 0.4901
-0.2137 0.0080 0.4886
-0.2137 0.0080 0.4886
-0.2331 0.0048 0.4873
-0.2331 0.0048 0.4873
-0.2479 0.0037 0.4840
-0.2578 0.0040 0.4779
-0.2578 0.0040 0.4779
-0.2687 0.0037 0.4736
-0.2687 0.0037 0.4736
-0.2775 0.0023 0.4721
-0.2786 0.0011 0.4695
-0.2786 0.0011 0.4695
-0.2774 0.0020 0.4661
-0.2774 0.0020 0.4661
-0.2722 -0.0026 0.4651
-0.2689 -0.0048 0.4666
-0.2689 -0.0048 0.4666
-0.2584 -0.0058 0.4706
-0.2584 -0.0058 0.4706
-0.2448 -0.0062 0.4766
-0.2296 -0.0045 0.4826
-0.2296 -0.0045 0.4826
-0.2115 -0.0028 0.4895
-0.2115 -0.0028 0.4895
-0.1915 -0.0021 0.4964
-0.1684 -0.0068 0.5056
-0.1684 -0.0068 0.5056
-0.1433 -0.0075 0.5161
-0.1433 -0.0075 0.5161
-0.1172 -0.0061 0.5224
-0.0859 -0.0091 0.5300
-0.0859 -0.0091 0.5300
-0.0587 -0.0085 0.5342
-0.0587 -0.0085 0.5342
-0.0279 -0.0020 0.5362
-0.0008 0.0005 0.5392
-0.0008 0.0005 0.5392
0.0271 0.0085 0.5383
0.0271 0.0085 0.5383
0.0564 0.0128 0.5362
0.0867 0.0161 0.5342
0.0867 0.0161 0.5342
0.1215 0.0190 0.5291
0.1215 0.0190 0.5291
0.1571 0.0247 0.5180
0.1871 0.0285 0.5076
0.1871 0.0285 0.5076
0.2164 0.0317 0.4952
0.2164 0.0317 0.4952
0.2508 0.0342 0.4773
0.2825 0.0385 0.4588
0.2825 0.0385 0.4588
0.3144 0.0396 0.4397
0.3144 0.0396 0.4397
0.3473 0.0414 0.4155
0.3813 0.0413 0.3941
0.3813 0.0413 0.3941
0.4076 0.0421 0.3661
0.4076 0.0421 0.3661
0.4380 0.0455 0.3316
0.4617 0.0476 0.2923
0.4617 0.0476 0.2923
0.4897 0.0458 0.2477
0.4897 0.0458 0.2477
0.5148 0.0448 0.2040
0.5364 0.0424 0.1593
0.5364 0.0424 0.1593
0.5538 0.0402 0.1189
0.5538 0.0402 0.1189
0.5666 0.0365 0.0810
0.5740 0.0298 0.0388
0.5740 0.0298 0.0388
0.5833 0.0234 0.0021
0.5833 0.0234 0.0021
0.5902 0.0183 -0.0321
0.5918 0.0106 -0.0732
0.5918 0.0106 -0.0732
0.5978 0.0038 -0.1085
0.5978 0.0038 -0.1085
0.6024 -0.0014 -0.1385
0.6016 -0.0011 -0.1720
0.6016 -0.0011 -0.1720
0.5999 -0.0009 -0.1990
0.5999 -0.0009 -0.1990
0.5928 -0.0002 -0.2324
0.5787 -0.0026 -0.2659
0.5787 -0.0026 -0.2659
0.5777 -0.0135 -0.3029
0.5777 -0.0135 -0.3029
0.5642 -0.0204 -0.3272
0.5588 -0.0226 -0.3455
0.5588 -0.0226 -0.3455
0.5534 -0.0269 -0.3581
0.5534 -0.0269 -0.3581
0.5511 -0.0331 -0.3616
0.5556 -0.0404 -0.3542
0.5556 -0.0404 -0.3542
0.5590 -0.0500 -0.3365
0.5590 -0.0500 -0.3365
0.5643 -0.0521 -0.3183
0.5693 -0.0534 -0.3020
0.5693 -0.0534 -0.3020
0.5737 -0.0517 -0.2764
0.5737 -0.0517 -0.2764
0.5823 -0.0462 -0.2474
0.5956 -0.0434 -0.2162
0.5956 -0.0434 -0.2162
0.6042 -0.0372 -0.1813
0.6042 -0.0372 -0.1813
0.6128 -0.0344 -0.1441
0.6168 -0.0319 -0.1157
0.6168 -0.0319 -0.1157
0.6187 -0.0275 -0.0833
0.6187 -0.0275 -0.0833
0.6161 -0.0237 -0.0479
0.6134 -0.0179 -0.0043
0.6134 -0.0179 -0.0043
0.6064 -0.0125 0.0381
0.6064 -0.0125 0.0381
0.5953 -0.0051 0.0837
0.5827 0.0025 0.1209
0.5827 0.0025 0.1209
0.5697 0.0060 0.1602
0.5697 0.0060 0.1602
0.5532 0.0141 0.2065
0.5379 0.0171 0.2453
0.5379 0.0171 0.2453
0.5193 0.0222 0.2788
0.5193 0.0222 0.2788
0.4966 0.0286 0.3116
0.4776 0.0324 0.3410
0.4776 0.0324 0.3410
0.4516 0.0365 0.3747
0.4516 0.0365 0.3747
0.4248 0.0409 0.4059
0.3995 0.0418 0.4340
0.3995 0.0418 0.4340
0.3720 0.0437 0.4576
0.3720 0.0437 0.4576
0.3434 0.0467 0.4804
0.3142 0.0486 0.5038
0.3142 0.0486 0.5038
0.2838 0.0483 0.5277
0.2838 0.0483 0.5277
0.2550 0.0480 0.5433
0.2275 0.0471 0.5589
0.2275 0.0471 0.5589
0.2005 0.0450 0.5738
0.2005 0.0450 0.5738
0.1786 0.0402 0.5876
0.1547 0.0352 0.5990
0.1547 0.0352 0.5990
0.1282 0.0300 0.6105
0.1282 0.0300 0.6105
0.1059 0.0232 0.6199
0.0883 0.0171 0.6241
0.0883 0.0171 0.6241
0.0701 0.0156 0.6251
0.0701 0.0156 0.6251
0.0549 0.0135 0.6227
0.0436 0.0095 0.6221
0.0436 0.0095 0.6221
0.0264 0.0083 0.6223
0.0264 0.0083 0.6223
0.0187 0.0064 0.6188
0.0138 0.0055 0.6175
0.0138 0.0055 0.6175
0.0134 0.0053 0.6107
0.0134 0.0053 0.6107
0.0093 0.0031 0.6026
0.0050 -0.0009 0.5973
0.0050 -0.0009 0.5973
-0.0009 -0.0066 0.5905
-0.0009 -0.0066 0.5905
-0.0069 -0.0152 0.5841
-0.0124 -0.0271 0.5784
-0.0124 -0.0271 0.5784
-0.0209 -0.0348 0.5656
-0.0209 -0.0348 0.5656
-0.0342 -0.0382 0.5490
-0.0465 -0.0409 0.5319
-0.0465 -0.0409 0.5319
-0.0580 -0.0427 0.5155
-0.0580 -0.0427 0.5155
-0.0701 -0.0397 0.4973
-0.0809 -0.0327 0.4773
-0.0809 -0.0327 0.4773
-0.0928 -0.0280 0.4560
-0.0928 -0.0280 0.4560
-0.1083 -0.0229 0.4306
-0.1169 -0.0163 0.4025
-0.1169 -0.0163 0.4025
-0.1310 -0.0141 0.3760
-0.1310 -0.0141 0.3760
-0.1431 -0.0113 0.3513
-0.1516 -0.0079 0.3302
-0.1516 -0.0079 0.3302
-0.1604 -0.0076 0.3128
-0.1604 -0.0076 0.3128
-0.1620 -0.0066 0.3048
-0.1599 -0.0062 0.3047
-0.1599 -0.0062 0.3047
-0.1540 -0.0089 0.3135
-0.1540 -0.0089 0.3135
-0.1510 -0.0104 0.3248
-0.1479 -0.0113 0.3404
-0.1479 -0.0113 0.3404
-0.1377 -0.0128 0.3601
-0.1377 -0.0128 0.3601
-0.1261 -0.0129 0.3811
-0.1115 -0.0091 0.4000
-0.1115 -0.0091 0.4000
-0.0972 -0.0092 0.4211
-0.0972 -0.0092 0.4211
-0.0820 -0.0036 0.4373
-0.0654 0.0028 0.4549
-0.0654 0.0028 0.4549
-0.0465 0.0132 0.4674
-0.0465 0.0132 0.4674
-0.0310 0.0166 0.4831
-0.0143 0.0161 0.4997
-0.0143 0.0161 0.4997
0.0086 0.0134 0.5163
0.0086 0.0134 0.5163
0.0251 0.0063 0.5292
0.0369 -0.0047 0.5390
0.0369 -0.0047 0.5390
0.0498 -0.0175 0.5464
0.0498 -0.0175 0.5464
0.0628 -0.0344 0.5494
0.0722 -0.0538 0.5497
0.0722 -0.0538 0.5497
0.0805 -0.0751 0.5493
0.0805 -0.0751 0.5493
0.0847 -0.0929 0.5448
0.0857 -0.1096 0.5404
0.0857 -0.1096 0.5404
0.0876 -0.1234 0.5337
0.0876 -0.1234 0.5337
0.0894 -0.1391 0.5282
0.0862 -0.1561 0.5231
0.0862 -0.1561 0.5231
0.0828 -0.1706 0.5170
0.0828 -0.1706 0.5170
0.0770 -0.1899 0.5127
0.0696 -0.2054 0.5084
0.0696 -0.2054 0.5084
0.0655 -0.2230 0.5027
0.0655 -0.2230 0.5027
0.0622 -0.2374 0.4966
0.0565 -0.2520 0.4901
0.0565 -0.2520 0.4901
0.0544 -0.2640 0.4829
0.0544 -0.2640 0.4829
0.0520 -0.2786 0.4783
0.0520 -0.2786 0.4783
0.0507 -0.2922 0.4743
0.0457 -0.2989 0.4706
0.0457 -0.2989 0.4706
0.0393 -0.3082 0.4676
0.0393 -0.3082 0.4676
0.0322 -0.3153 0.4642
0.0274 -0.3204 0.4590
0.0274 -0.3204 0.4590
0.0177 -0.3223 0.4559
0.0177 -0.3223 0.4559
0.0096 -0.3255 0.4535
0.0040 -0.3263 0.4500
0.0040 -0.3263 0.4500
-0.0047 -0.3240 0.4509
-0.0047 -0.3240 0.4509
-0.0117 -0.3225 0.4507
-0.0150 -0.3240 0.4498
-0.0150 -0.3240 0.4498
-0.0163 -0.3226 0.4507
-0.0163 -0.3226 0.4507
-0.0175 -0.3197 0.4522
-0.0188 -0.3210 0.4556
-0.0188 -0.3210 0.4556
-0.0171 -0.3180 0.4563
-0.0171 -0.3180 0.4563
-0.0153 -0.3138 0.4582
-0.0099 -0.3112 0.4592
-0.0099 -0.3112 0.4592
-0.0034 -0.3061 0.4632
-0.0034 -0.3061 0.4632
0.0084 -0.3055 0.4645
0.0212 -0.3012 0.4681
0.0212 -0.3012 0.4681
0.0328 -0.2913 0.4716
0.0328 -0.2913 0.4716
0.0470 -0.2782 0.4729
0.0586 -0.2661 0.4766
0.0586 -0.2661 0.4766
0.0701 -0.2521 0.4807
0.0701 -0.2521 0.4807
0.0805 -0.2362 0.4857
0.0888 -0.2197 0.4885
0.0888 -0.2197 0.4885
0.0993 -0.2003 0.4898
0.0993 -0.2003 0.4898
0.1104 -0.1841 0.4922
0.1203 -0.1624 0.4905
0.1203 -0.1624 0.4905
0.1280 -0.1430 0.4930
0.1280 -0.1430 0.4930
0.1368 -0.1256 0.4965
0.1433 -0.1060 0.4994
0.1433 -0.1060 0.4994
0.1475 -0.0869 0.4991
0.1475 -0.0869 0.4991
0.1559 -0.0712 0.4981
0.1573 -0.0519 0.4960
0.1573 -0.0519 0.4960
0.1625 -0.0365 0.4917
0.1625 -0.0365 0.4917
0.1598 -0.0225 0.4915
0.1595 -0.0138 0.4923
0.1595 -0.0138 0.4923
0.1576 -0.0092 0.4911
0.1576 -0.0092 0.4911
0.1502 -0.0064 0.4904
0.1492 -0.0082 0.4911
0.1492 -0.0082 0.4911
0.1534 -0.0094 0.4917
0.1534 -0.0094 0.4917
0.1594 -0.0100 0.4915
0.1675 -0.0108 0.4920
0.1675 -0.0108 0.4920
0.1816 -0.0060 0.4921
0.1816 -0.0060 0.4921
0.2007 -0.0075 0.4945
0.2232 -0.0067 0.4935
0.2232 -0.0067 0.4935
0.2518 -0.0060 0.4888
0.2518 -0.0060 0.4888
0.2822 -0.0079 0.4820
0.3123 -0.0096 0.4735
0.3123 -0.0096 0.4735
0.3420 -0.0107 0.4619
0.3420 -0.0107 0.4619
0.3738 -0.0113 0.4460
0.4063 -0.0140 0.4263
0.4063 -0.0140 0.4263
0.4333 -0.0135 0.4053
0.4333 -0.0135 0.4053
0.4541 -0.0099 0.3832
0.4845 -0.0121 0.3527
0.4845 -0.0121 0.3527
